1 0.001732 0.002332 0.000000 111.000000
2 0.036370 0.304650 0.000000 0.000000
3 0.014866 0.184248 0.000000 -15.000000
4 -0.197222 0.217522 0.000000 -43.000000
5 -0.247424 0.316540 0.000000 -39.000000
6 -0.207775 0.599644 0.000000 -96.000000
7 -0.115435 0.623263 0.000000 -104.000000
8 0.213382 0.616332 0.000000 15.000000
9 0.109412 0.549378 0.000000 0.000000
10 0.122403 -0.024868 0.000000 110.000000
1 -0.300059 -0.532715 0.000000 1.000000
2 -0.398280 -0.553711 0.000000 -110.000000
3 -0.350680 -0.495064 0.000000 -125.000000
4 -0.259710 -0.720471 0.000000 -153.000000
5 -0.332334 -0.793999 0.000000 -149.000000
6 -0.589213 -0.851580 0.000000 154.000000
7 -0.634578 -0.782195 0.000000 146.000000
8 -0.716940 -0.505977 0.000000 -95.000000
9 -0.630760 -0.571182 0.000000 -110.000000
10 -0.139782 -0.497777 0.000000 0.000000
